Shi Tomasi: corners2
[[[ 54 105]]

 [[ 70 105]]

 [[ 54  87]]

 [[ 54 120]]

 [[ 39 105]]

 [[ 70 120]]

 [[ 70  88]]

 [[ 39  87]]

 [[ 39 120]]

 [[ 88 122]]

 [[119  23]]

 [[104  40]]

 [[104  74]]

 [[ 88  24]]

 [[ 21 105]]

 [[119  55]]

 [[ 22 120]]

 [[ 88  39]]

 [[ 23  23]]

 [[ 86 105]]

 [[103  24]]

 [[119  40]]

 [[ 72  40]]

 [[119  74]]

 [[ 38  23]]

 [[104  55]]

 [[ 38 137]]

 [[ 54 137]]

 [[ 71 137]]

 [[ 86  87]]

 [[104  89]]

 [[ 70  56]]

 [[ 86 137]]

 [[ 70  24]]

 [[ 23  38]]

 [[104 122]]

 [[136  40]]

 [[ 21 137]]

 [[ 86  55]]

 [[ 56  24]]

 [[136  23]]

 [[104 105]]

 [[ 21  87]]

 [[119 104]]

 [[ 38  56]]

 [[ 71   7]]

 [[ 54  54]]

 [[104 137]]

 [[ 23  56]]

 [[120  89]]

 [[ 38   7]]

 [[119 122]]

 [[ 38  38]]

 [[ 54  40]]

 [[ 54  73]]

 [[  6 103]]

 [[  6  38]]

 [[ 23   7]]

 [[ 72  73]]

 [[ 88   7]]

 [[136  88]]

 [[135  55]]

 [[121   8]]

 [[  5 121]]

 [[104   7]]

 [[119 137]]

 [[  6  88]]

 [[ 56   7]]

 [[  6  22]]

 [[ 86  73]]

 [[ 40  73]]

 [[135 106]]

 [[  6  55]]

 [[136   7]]

 [[  5 137]]

 [[136  70]]

 [[ 21  73]]

 [[  5  74]]

 [[134 123]]

 [[134 136]]

 [[  6   6]]]