find_chess_board() corners 
[[[ 22.34622   22.419312]]

 [[ 38.707306  22.541546]]

 [[ 54.878372  22.863617]]

 [[ 71.260765  23.235023]]

 [[ 87.394325  23.397638]]

 [[103.53061   23.35841 ]]

 [[119.74244   23.411526]]

 [[ 22.356106  38.569736]]

 [[ 38.529022  38.79183 ]]

 [[ 55.045654  39.342293]]

 [[ 71.31539   39.613686]]

 [[ 87.3474    39.37433 ]]

 [[103.41939   39.48226 ]]

 [[119.61459   39.53476 ]]

 [[ 22.11702   55.11224 ]]

 [[ 38.640522  55.26942 ]]

 [[ 54.544533  55.26883 ]]

 [[ 71.160965  55.408035]]

 [[ 86.95454   55.52715 ]]

 [[103.30427   55.49909 ]]

 [[119.53488   55.69813 ]]

 [[ 22.007687  71.58982 ]]

 [[ 38.488895  71.70759 ]]

 [[ 54.69149   71.779564]]

 [[ 71.03708   72.03977 ]]

 [[ 87.05528   71.93898 ]]

 [[103.42079   72.37792 ]]

 [[119.538055  72.30533 ]]

 [[ 21.792994  87.69847 ]]

 [[ 38.41975   87.662025]]

 [[ 54.66542   87.65348 ]]

 [[ 70.8313    87.58559 ]]

 [[ 86.97426   87.78069 ]]

 [[103.30683   88.11844 ]]

 [[119.47327   88.29867 ]]

 [[ 21.669008 104.274475]]

 [[ 38.107338 104.180214]]

 [[ 54.503456 104.31733 ]]

 [[ 70.767876 104.46274 ]]

 [[ 87.08383  104.353935]]

 [[103.34627  104.46747 ]]

 [[119.746056 104.57208 ]]

 [[ 21.516207 120.77193 ]]

 [[ 38.028748 120.56403 ]]

 [[ 54.33049  120.664856]]

 [[ 70.633446 120.608   ]]

 [[ 86.83178  120.72952 ]]

 [[103.53405  121.0028  ]]

 [[119.379715 121.28409 ]]]