find_chessboard_corners
[[[ 21.572811  21.812662]]

 [[ 39.382904  21.805103]]

 [[ 54.492176  22.606586]]

 [[ 71.520386  22.71421 ]]

 [[ 86.63155   22.771269]]

 [[104.21983   22.779846]]

 [[120.23136   24.130215]]

 [[ 21.568888  39.32048 ]]

 [[ 39.422806  39.366272]]

 [[ 55.526524  38.766613]]

 [[ 70.45763   38.876083]]

 [[ 86.64071   40.137127]]

 [[102.91222   38.86021 ]]

 [[120.21889   38.8771  ]]

 [[ 21.52948   54.675274]]

 [[ 37.5       56.5     ]]

 [[ 55.071327  55.506355]]

 [[ 71.52454   54.83766 ]]

 [[ 87.393715  56.356995]]

 [[102.593575  56.192905]]

 [[120.20961   56.31432 ]]

 [[ 21.733175  71.42483 ]]

 [[ 39.147995  71.462265]]

 [[ 55.08219   71.50151 ]]

 [[ 70.73054   71.60697 ]]

 [[ 86.71691   71.352684]]

 [[102.6986    72.56389 ]]

 [[119.90068   72.4018  ]]

 [[ 22.57655   88.04415 ]]

 [[ 37.584496  88.33659 ]]

 [[ 55.356285  88.37116 ]]

 [[ 71.485725  86.870964]]

 [[ 87.479294  88.377594]]

 [[105.186806  88.861206]]

 [[118.6485    87.979256]]

 [[ 22.43613  103.63318 ]]

 [[ 37.489468 103.69956 ]]

 [[ 55.318127 103.554695]]

 [[ 69.310844 105.51781 ]]

 [[ 87.465706 103.70103 ]]

 [[102.50632  103.84279 ]]

 [[117.42241  104.382095]]

 [[ 22.73575  119.54585 ]]

 [[ 37.4138   120.99054 ]]

 [[ 55.236546 121.55506 ]]

 [[ 68.602295 120.18191 ]]

 [[ 86.49677  120.57555 ]]

 [[105.078026 121.75255 ]]

 [[120.       123.      ]]]