Shi_Tomasi_corners2
[[  6  22]
 [  6  38]
 [ 21  40]
 [  6  55]
 [  4  71]
 [  6  89]
 [  6 103]
 [  5 120]
 [  5 137]
 [ 22   6]
 [ 23  23]
 [ 23  56]
 [ 21  73]
 [ 23  89]
 [ 37  89]
 [ 23 103]
 [ 22 120]
 [ 21 137]
 [ 38   7]
 [ 38  22]
 [ 38  38]
 [ 40  54]
 [ 40  73]
 [ 54  73]
 [ 37 103]
 [ 37 120]
 [ 38 137]
 [ 55   7]
 [ 54  22]
 [ 56  40]
 [ 54  54]
 [ 56  89]
 [ 55 105]
 [ 70 105]
 [ 55 120]
 [ 54 137]
 [ 71   7]
 [ 70  24]
 [ 72  40]
 [ 72  54]
 [ 86  55]
 [ 72  73]
 [ 72  89]
 [ 70 120]
 [ 71 137]
 [ 87   7]
 [ 86  22]
 [ 88  40]
 [ 86  73]
 [ 86  89]
 [102 103]
 [ 86 105]
 [ 88 122]
 [ 86 137]
 [104   7]
 [105  22]
 [104  39]
 [102  57]
 [104  73]
 [104  89]
 [104 122]
 [119 122]
 [104 137]
 [121   8]
 [119  24]
 [119  39]
 [119  55]
 [119  74]
 [119  89]
 [119 104]
 [134 123]
 [119 137]
 [136   7]
 [136  23]
 [136  40]
 [136  56]
 [138  74]
 [136  88]
 [136 105]]